bezier
169.3 297.7 204.7 299.9 257.4 304.3 324.6 271
bezier
324.6 271 341.6 269.1 381 243.7 375.7 225.8
bezier
375.7 225.8 379.8 218.4 355.8 202.8 308 218.2
bezier
267.6 213.7 275.6 250.2 305.4 223.1 308 218.2
bezier
169.9 243 199.7 230 247 219.8 267.6 213.7
bezier
139.9 245.1 136.4 287.6 174.5 256.9 169.9 243
bezier
139.7 245.1 124.5 259.5 128.7 289.2 142.4 286.3
bezier
142.4 286.3 142.3 289.5 158.3 295.5 165 294.5
line
162.2 295 0 168.75 297.8 0
bezier
169.6 275 185.6 289.9 254.1 286.2 288.1 242.2
bezier
169.6 275 190.5 268.4 243.9 245.6 288.1 242.2
line
258 272.9 0 297.7 244.1 0
bezier
325.3 269.4 334.9 260.4 304.2 247.9 297.7 244.1
line
258 272.9 0 283.6 287.1 0
bezier
308.7 200.8 344.7 187.1 372.8 195.6 375.9 221.7
bezier
169.6 233.1 216.2 214.2 249.5 210.7 267.3 207.5
bezier
267.4 210.6 273.6 248 310.2 225.2 306.9 206
bezier
267.4 210.6 285.8 180.3 305.3 200.7 306.9 206
bezier
139.7 244.7 145.6 226.5 164.7 225.4 170.2 239.3
ident
scale
1.5 1.5 1.5
move
-150 -150 0
apply
save
car.png
